the 0.1 0.0 0.05 0.02 0.03 0.01 0.0 -0.01 0.02 -0.03 0.01 0.02 0.0 -0.01 0.01 0.0 0.02 0.03 -0.02 0.01 0.0 0.01 -0.02 0.03 0.01 0.02 -0.01 0.0 0.01 0.02 0.03 0.0 0.01 -0.02 0.02 0.01 0.0 0.01 0.02 0.03 0.01 0.0 -0.01 0.02 0.03 0.01 0.01 0.0 0.02 0.03 0.01 0.0 0.02 0.03 0.01 0.0 0.02 0.03 0.01 0.0 0.02 0.03 0.01 0.0 0.02 0.03 0.01 0.0 0.02 0.03 0.01 0.0 0.02 0.03 0.01 0.0 0.02 0.03 0.01 0.0 0.02 0.03 0.01 0.0 0.02 0.03 0.01 0.0 0.02 0.03 0.01 0.0 0.02 0.03 0.01 0.0 0.02 0.03 0.01 0.0
is 0.05 0.01 0.0 0.02 -0.01 0.0 0.02 0.01 0.0 -0.01 0.02 0.0 0.01 0.02 0.0 0.01 0.0 -0.01 0.02 0.01 0.0 0.02 0.01 0.0 -0.01 0.02 0.0 0.01 0.02 0.0 0.01 0.02 0.0 0.01 -0.01 0.02 0.0 0.01 0.02 0.0 0.01 -0.01 0.02 0.0 0.01 0.02 0.0 0.01 0.02 0.0 0.01 0.02 0.0 0.01 0.02 0.0 0.01 0.02 0.0 0.01 0.02 0.0 0.01 0.02 0.0 0.01 0.02 0.0 0.01 0.02 0.0 0.01 0.02 0.0 0.01 0.02 0.0 0.01 0.02 0.0 0.01 0.02 0.0 0.01 0.02 0.0 0.01 0.02 0.0 0.01 0.02 0.0 0.01 0.02 0.0 0.01 0.02 0.0 0.01 0.02
good 0.3 0.2 0.1 0.2 0.1 0.05 0.1 0.2 0.1 0.05 0.2 0.1 0.05 0.2 0.1 0.1 0.05 0.2 0.1 0.05 0.2 0.1 0.1 0.05 0.2 0.1 0.05 0.2 0.1 0.05 0.2 0.1 0.05 0.2 0.1 0.05 0.2 0.1 0.05 0.2 0.1 0.05 0.2 0.1 0.05 0.2 0.1 0.05 0.2 0.1 0.05 0.2 0.1 0.05 0.2 0.1 0.05 0.2 0.1 0.05 0.2 0.1 0.05 0.2 0.1 0.05 0.2 0.1 0.05 0.2 0.1 0.05 0.2 0.1 0.05 0.2 0.1 0.05 0.2 0.1 0.05 0.2 0.1 0.05 0.2 0.1 0.05 0.2 0.1 0.05 0.2 0.1 0.05 0.2 0.1 0.05 0.2 0.1 0.05 0.2
bad -0.3 -0.2 -0.1 -0.2 -0.1 -0.05 -0.1 -0.2 -0.1 -0.05 -0.2 -0.1 -0.05 -0.2 -0.1 -0.1 -0.05 -0.2 -0.1 -0.05 -0.2 -0.1 -0.1 -0.05 -0.2 -0.1 -0.05 -0.2 -0.1 -0.05 -0.2 -0.1 -0.05 -0.2 -0.1 -0.05 -0.2 -0.1 -0.05 -0.2 -0.1 -0.05 -0.2 -0.1 -0.05 -0.2 -0.1 -0.05 -0.2 -0.1 -0.05 -0.2 -0.1 -0.05 -0.2 -0.1 -0.05 -0.2 -0.1 -0.05 -0.2 -0.1 -0.05 -0.2 -0.1 -0.05 -0.2 -0.1 -0.05 -0.2 -0.1 -0.05 -0.2 -0.1 -0.05 -0.2 -0.1 -0.05 -0.2 -0.1 -0.05 -0.2 -0.1 -0.05 -0.2 -0.1 -0.05 -0.2 -0.1 -0.05 -0.2 -0.1 -0.05 -0.2 -0.1 -0.05 -0.2 -0.1 -0.05 -0.2
excellent 0.35 0.22 0.12 0.22 0.11 0.06 0.11 0.22 0.11 0.06 0.22 0.11 0.06 0.22 0.11 0.11 0.06 0.22 0.11 0.06 0.22 0.11 0.11 0.06 0.22 0.11 0.06 0.22 0.11 0.06 0.22 0.11 0.06 0.22 0.11 0.06 0.22 0.11 0.06 0.22 0.11 0.06 0.22 0.11 0.06 0.22 0.11 0.06 0.22 0.11 0.06 0.22 0.11 0.06 0.22 0.11 0.06 0.22 0.11 0.06 0.22 0.11 0.06 0.22 0.11 0.06 0.22 0.11 0.06 0.22 0.11 0.06 0.22 0.11 0.06 0.22 0.11 0.06 0.22 0.11 0.06 0.22 0.11 0.06 0.22 0.11 0.06 0.22 0.11 0.06 0.22 0.11 0.06 0.22 0.11 0.06 0.22 0.11 0.06 0.22
terrible -0.35 -0.22 -0.12 -0.22 -0.11 -0.06 -0.11 -0.22 -0.11 -0.06 -0.22 -0.11 -0.06 -0.22 -0.11 -0.11 -0.06 -0.22 -0.11 -0.06 -0.22 -0.11 -0.11 -0.06 -0.22 -0.11 -0.06 -0.22 -0.11 -0.06 -0.22 -0.11 -0.06 -0.22 -0.11 -0.06 -0.22 -0.11 -0.06 -0.22 -0.11 -0.06 -0.22 -0.11 -0.06 -0.22 -0.11 -0.06 -0.22 -0.11 -0.06 -0.22 -0.11 -0.06 -0.22 -0.11 -0.06 -0.22 -0.11 -0.06 -0.22 -0.11 -0.06 -0.22 -0.11 -0.06 -0.22 -0.11 -0.06 -0.22 -0.11 -0.06 -0.22 -0.11 -0.06 -0.22 -0.11 -0.06 -0.22 -0.11 -0.06 -0.22 -0.11 -0.06 -0.22 -0.11 -0.06 -0.22 -0.11 -0.06 -0.22 -0.11 -0.06 -0.22 -0.11 -0.06 -0.22 -0.11 -0.06 -0.22
amazing 0.34 0.21 0.11 0.21 0.1 0.05 0.1 0.21 0.1 0.05 0.21 0.1 0.05 0.21 0.1 0.1 0.05 0.21 0.1 0.05 0.21 0.1 0.1 0.05 0.21 0.1 0.05 0.21 0.1 0.05 0.21 0.1 0.05 0.21 0.1 0.05 0.21 0.1 0.05 0.21 0.1 0.05 0.21 0.1 0.05 0.21 0.1 0.05 0.21 0.1 0.05 0.21 0.1 0.05 0.21 0.1 0.05 0.21 0.1 0.05 0.21 0.1 0.05 0.21 0.1 0.05 0.21 0.1 0.05 0.21 0.1 0.05 0.21 0.1 0.05 0.21 0.1 0.05 0.21 0.1 0.05 0.21 0.1 0.05 0.21 0.1 0.05 0.21 0.1 0.05 0.21 0.1 0.05 0.21 0.1 0.05 0.21 0.1 0.05 0.21
awful -0.32 -0.21 -0.1 -0.21 -0.1 -0.05 -0.1 -0.21 -0.1 -0.05 -0.21 -0.1 -0.05 -0.21 -0.1 -0.1 -0.05 -0.21 -0.1 -0.05 -0.21 -0.1 -0.1 -0.05 -0.21 -0.1 -0.05 -0.21 -0.1 -0.05 -0.21 -0.1 -0.05 -0.21 -0.1 -0.05 -0.21 -0.1 -0.05 -0.21 -0.1 -0.05 -0.21 -0.1 -0.05 -0.21 -0.1 -0.05 -0.21 -0.1 -0.05 -0.21 -0.1 -0.05 -0.21 -0.1 -0.05 -0.21 -0.1 -0.05 -0.21 -0.1 -0.05 -0.21 -0.1 -0.05 -0.21 -0.1 -0.05 -0.21 -0.1 -0.05 -0.21 -0.1 -0.05 -0.21 -0.1 -0.05 -0.21 -0.1 -0.05 -0.21 -0.1 -0.05 -0.21 -0.1 -0.05 -0.21 -0.1 -0.05 -0.21 -0.1 -0.05 -0.21 -0.1 -0.05 -0.21 -0.1 -0.05 -0.21
great 0.31 0.2 0.1 0.2 0.1 0.05 0.1 0.2 0.1 0.05 0.2 0.1 0.05 0.2 0.1 0.1 0.05 0.2 0.1 0.05 0.2 0.1 0.1 0.05 0.2 0.1 0.05 0.2 0.1 0.05 0.2 0.1 0.05 0.2 0.1 0.05 0.2 0.1 0.05 0.2 0.1 0.05 0.2 0.1 0.05 0.2 0.1 0.05 0.2 0.1 0.05 0.2 0.1 0.05 0.2 0.1 0.05 0.2 0.1 0.05 0.2 0.1 0.05 0.2 0.1 0.05 0.2 0.1 0.05 0.2 0.1 0.05 0.2 0.1 0.05 0.2 0.1 0.05 0.2 0.1 0.05 0.2 0.1 0.05 0.2 0.1 0.05 0.2 0.1 0.05 0.2 0.1 0.05 0.2 0.1 0.05 0.2 0.1 0.05 0.2
horrible -0.33 -0.21 -0.11 -0.21 -0.1 -0.05 -0.1 -0.21 -0.1 -0.05 -0.21 -0.1 -0.05 -0.21 -0.1 -0.1 -0.05 -0.21 -0.1 -0.05 -0.21 -0.1 -0.1 -0.05 -0.21 -0.1 -0.05 -0.21 -0.1 -0.05 -0.21 -0.1 -0.05 -0.21 -0.1 -0.05 -0.21 -0.1 -0.05 -0.21 -0.1 -0.05 -0.21 -0.1 -0.05 -0.21 -0.1 -0.05 -0.21 -0.1 -0.05 -0.21 -0.1 -0.05 -0.21 -0.1 -0.05 -0.21 -0.1 -0.05 -0.21 -0.1 -0.05 -0.21 -0.1 -0.05 -0.21 -0.1 -0.05 -0.21 -0.1 -0.05 -0.21 -0.1 -0.05 -0.21 -0.1 -0.05 -0.21 -0.1 -0.05 -0.21 -0.1 -0.05 -0.21 -0.1 -0.05 -0.21 -0.1 -0.05 -0.21 -0.1 -0.05 -0.21 -0.1 -0.05 -0.21 -0.1 -0.05 -0.21
happy 0.29 0.19 0.09 0.19 0.09 0.04 0.09 0.19 0.09 0.04 0.19 0.09 0.04 0.19 0.09 0.09 0.04 0.19 0.09 0.04 0.19 0.09 0.09 0.04 0.19 0.09 0.04 0.19 0.09 0.04 0.19 0.09 0.04 0.19 0.09 0.04 0.19 0.09 0.04 0.19 0.09 0.04 0.19 0.09 0.04 0.19 0.09 0.04 0.19 0.09 0.04 0.19 0.09 0.04 0.19 0.09 0.04 0.19 0.09 0.04 0.19 0.09 0.04 0.19 0.09 0.04 0.19 0.09 0.04 0.19 0.09 0.04 0.19 0.09 0.04 0.19 0.09 0.04 0.19 0.09 0.04 0.19 0.09 0.04 0.19 0.09 0.04 0.19 0.09 0.04 0.19 0.09 0.04 0.19 0.09 0.04 0.19 0.09 0.04 0.19
sad -0.29 -0.19 -0.09 -0.19 -0.09 -0.04 -0.09 -0.19 -0.09 -0.04 -0.19 -0.09 -0.04 -0.19 -0.09 -0.09 -0.04 -0.19 -0.09 -0.04 -0.19 -0.09 -0.09 -0.04 -0.19 -0.09 -0.04 -0.19 -0.09 -0.04 -0.19 -0.09 -0.04 -0.19 -0.09 -0.04 -0.19 -0.09 -0.04 -0.19 -0.09 -0.04 -0.19 -0.09 -0.04 -0.19 -0.09 -0.04 -0.19 -0.09 -0.04 -0.19 -0.09 -0.04 -0.19 -0.09 -0.04 -0.19 -0.09 -0.04 -0.19 -0.09 -0.04 -0.19 -0.09 -0.04 -0.19 -0.09 -0.04 -0.19 -0.09 -0.04 -0.19 -0.09 -0.04 -0.19 -0.09 -0.04 -0.19 -0.09 -0.04 -0.19 -0.09 -0.04 -0.19 -0.09 -0.04 -0.19 -0.09 -0.04 -0.19 -0.09 -0.04 -0.19 -0.09 -0.04 -0.19 -0.09 -0.04 -0.19
neutral 0.0 0.0 0.0 0.0 0.0 0.0 0.0 0.0 0.0 0.0 0.0 0.0 0.0 0.0 0.0 0.0 0.0 0.0 0.0 0.0 0.0 0.0 0.0 0.0 0.0 0.0 0.0 0.0 0.0 0.0 0.0 0.0 0.0 0.0 0.0 0.0 0.0 0.0 0.0 0.0 0.0 0.0 0.0 0.0 0.0 0.0 0.0 0.0 0.0 0.0 0.0 0.0 0.0 0.0 0.0 0.0 0.0 0.0 0.0 0.0 0.0 0.0 0.0 0.0 0.0 0.0 0.0 0.0 0.0 0.0 0.0 0.0 0.0 0.0 0.0 0.0 0.0 0.0 0.0 0.0 0.0 0.0 0.0 0.0 0.0 0.0 0.0 0.0 0.0 0.0 0.0 0.0 0.0 0.0 0.0 0.0 0.0 0.0 0.0 0.0
love 0.33 0.21 0.11 0.21 0.1 0.05 0.1 0.21 0.1 0.05 0.21 0.1 0.05 0.21 0.1 0.1 0.05 0.21 0.1 0.05 0.21 0.1 0.1 0.05 0.21 0.1 0.05 0.21 0.1 0.05 0.21 0.1 0.05 0.21 0.1 0.05 0.21 0.1 0.05 0.21 0.1 0.05 0.21 0.1 0.05 0.21 0.1 0.05 0.21 0.1 0.05 0.21 0.1 0.05 0.21 0.1 0.05 0.21 0.1 0.05 0.21 0.1 0.05 0.21 0.1 0.05 0.21 0.1 0.05 0.21 0.1 0.05 0.21 0.1 0.05 0.21 0.1 0.05 0.21 0.1 0.05 0.21 0.1 0.05 0.21 0.1 0.05 0.21 0.1 0.05 0.21 0.1 0.05 0.21 0.1 0.05 0.21 0.1 0.05 0.21
hate -0.33 -0.21 -0.11 -0.21 -0.1 -0.05 -0.1 -0.21 -0.1 -0.05 -0.21 -0.1 -0.05 -0.21 -0.1 -0.1 -0.05 -0.21 -0.1 -0.05 -0.21 -0.1 -0.1 -0.05 -0.21 -0.1 -0.05 -0.21 -0.1 -0.05 -0.21 -0.1 -0.05 -0.21 -0.1 -0.05 -0.21 -0.1 -0.05 -0.21 -0.1 -0.05 -0.21 -0.1 -0.05 -0.21 -0.1 -0.05 -0.21 -0.1 -0.05 -0.21 -0.1 -0.05 -0.21 -0.1 -0.05 -0.21 -0.1 -0.05 -0.21 -0.1 -0.05 -0.21 -0.1 -0.05 -0.21 -0.1 -0.05 -0.21 -0.1 -0.05 -0.21 -0.1 -0.05 -0.21 -0.1 -0.05 -0.21 -0.1 -0.05 -0.21 -0.1 -0.05 -0.21 -0.1 -0.05 -0.21 -0.1 -0.05 -0.21 -0.1 -0.05 -0.21 -0.1 -0.05 -0.21 -0.1 -0.05 -0.21
okay 0.01 0.01 0.0 0.0 0.01 0.0 0.0 0.01 0.0 0.0 0.01 0.0 0.0 0.01 0.0 0.0 0.01 0.0 0.0 0.01 0.0 0.0 0.01 0.0 0.0 0.01 0.0 0.0 0.01 0.0 0.0 0.01 0.0 0.0 0.01 0.0 0.0 0.01 0.0 0.0 0.01 0.0 0.0 0.01 0.0 0.0 0.01 0.0 0.0 0.01 0.0 0.0 0.01 0.0 0.0 0.01 0.0 0.0 0.01 0.0 0.0 0.01 0.0 0.0 0.01 0.0 0.0 0.01 0.0 0.0 0.01 0.0 0.0 0.01 0.0 0.0 0.01 0.0 0.0 0.01 0.0 0.0 0.01 0.0 0.0 0.01 0.0 0.0 0.01 0.0 0.0 0.01 0.0 0.0 0.01 0.0 0.0 0.01 0.0 0.0
average 0.0 0.0 0.01 0.0 0.0 0.01 0.0 0.0 0.01 0.0 0.0 0.01 0.0 0.0 0.01 0.0 0.0 0.01 0.0 0.0 0.01 0.0 0.0 0.01 0.0 0.0 0.01 0.0 0.0 0.01 0.0 0.0 0.01 0.0 0.0 0.01 0.0 0.0 0.01 0.0 0.0 0.01 0.0 0.0 0.01 0.0 0.0 0.01 0.0 0.0 0.01 0.0 0.0 0.01 0.0 0.0 0.01 0.0 0.0 0.01 0.0 0.0 0.01 0.0 0.0 0.01 0.0 0.0 0.01 0.0 0.0 0.01 0.0 0.0 0.01 0.0 0.0 0.01 0.0 0.0 0.01 0.0 0.0 0.01 0.0 0.0 0.01 0.0 0.0 0.01 0.0 0.0 0.01 0.0 0.0 0.01 0.0 0.0 0.01 0.0
fantastic 0.32 0.21 0.1 0.2 0.1 0.05 0.11 0.21 0.11 0.05 0.2 0.11 0.05 0.2 0.11 0.1 0.05 0.21 0.11 0.05 0.21 0.11 0.1 0.05 0.21 0.11 0.05 0.21 0.11 0.05 0.21 0.11 0.05 0.21 0.11 0.05 0.21 0.11 0.05 0.21 0.11 0.05 0.21 0.11 0.05 0.21 0.11 0.05 0.21 0.11 0.05 0.21 0.11 0.05 0.21 0.11 0.05 0.21 0.11 0.05 0.21 0.11 0.05 0.21 0.11 0.05 0.21 0.11 0.05 0.21 0.11 0.05 0.21 0.11 0.05 0.21 0.11 0.05 0.21 0.11 0.05 0.21 0.11 0.05 0.21 0.11 0.05 0.21 0.11 0.05 0.21 0.11 0.05 0.21 0.11 0.05 0.21 0.11 0.05 0.21
disappointing -0.31 -0.2 -0.1 -0.2 -0.1 -0.05 -0.1 -0.2 -0.1 -0.05 -0.2 -0.1 -0.05 -0.2 -0.1 -0.1 -0.05 -0.2 -0.1 -0.05 -0.2 -0.1 -0.1 -0.05 -0.2 -0.1 -0.05 -0.2 -0.1 -0.05 -0.2 -0.1 -0.05 -0.2 -0.1 -0.05 -0.2 -0.1 -0.05 -0.2 -0.1 -0.05 -0.2 -0.1 -0.05 -0.2 -0.1 -0.05 -0.2 -0.1 -0.05 -0.2 -0.1 -0.05 -0.2 -0.1 -0.05 -0.2 -0.1 -0.05 -0.2 -0.1 -0.05 -0.2 -0.1 -0.05 -0.2 -0.1 -0.05 -0.2 -0.1 -0.05 -0.2 -0.1 -0.05 -0.2 -0.1 -0.05 -0.2 -0.1 -0.05 -0.2 -0.1 -0.05 -0.2 -0.1 -0.05 -0.2 -0.1 -0.05 -0.2 -0.1 -0.05 -0.2 -0.1 -0.05 -0.2 -0.1 -0.05 -0.2

